24 38-dimensional and seven 37-dimensional cubes:
0,2,4,6,8,9,11,13,15,17,19,21,23,26,28,30,32,34,36,38,41,43,45,47,49,51,53,56,58,60,62,64,66,68,71,73,75,79,
0,1,2,4,6,8,11,13,15,17,19,21,23,26,28,30,32,34,36,38,41,43,45,47,49,51,53,56,58,60,62,64,66,68,71,73,75,79,
1,3,5,7,8,10,12,14,16,18,20,22,25,27,29,31,33,35,37,40,42,44,46,48,50,52,55,57,59,61,63,65,67,70,72,74,76,78,
0,2,4,6,9,11,13,15,17,19,21,24,26,28,30,32,34,36,39,41,43,45,47,49,51,54,56,58,60,62,64,66,69,71,73,75,77,79,
0,2,4,6,8,10,12,15,17,19,21,23,25,27,30,32,34,36,38,40,42,45,47,49,51,53,55,57,60,62,64,66,68,70,72,75,77,79,
0,1,2,4,7,9,11,13,15,17,19,22,24,26,28,30,32,34,37,39,41,43,45,47,49,52,54,56,58,60,62,64,67,69,71,73,75,79,
0,2,4,6,9,11,13,15,17,19,22,24,26,28,30,32,34,37,39,41,43,45,47,49,52,54,56,58,60,62,64,67,69,71,73,75,77,79,
0,1,2,4,6,9,11,13,15,17,19,22,24,26,28,30,32,34,37,39,41,43,45,47,49,52,54,56,58,60,62,64,67,69,71,73,75,79,
1,3,5,7,9,10,12,14,16,18,20,22,25,27,29,31,33,35,37,40,42,44,46,48,50,52,55,57,59,61,63,65,67,70,72,74,76,78,
0,2,4,7,9,10,11,13,15,17,19,22,24,26,28,30,32,34,37,39,41,43,45,47,49,52,54,56,58,60,62,64,67,69,71,73,75,79,
0,1,3,5,7,9,11,13,16,18,20,22,24,26,28,31,33,35,37,39,41,43,46,48,50,52,54,56,58,61,63,65,67,69,71,73,76,78,
0,2,4,6,7,9,11,13,15,17,19,21,24,26,28,30,32,34,36,39,41,43,45,47,49,51,54,56,58,60,62,64,66,69,71,73,75,79,
1,3,5,6,7,10,12,14,16,18,20,22,25,27,29,31,33,35,37,40,42,44,46,48,50,52,55,57,59,61,63,65,67,70,72,74,76,78,
0,1,2,4,6,9,11,13,15,17,19,21,24,26,28,30,32,34,36,39,41,43,45,47,49,51,54,56,58,60,62,64,66,69,71,73,75,79,
0,2,4,6,8,10,11,13,15,17,19,21,23,26,28,30,32,34,36,38,41,43,45,47,49,51,53,56,58,60,62,64,66,68,71,73,75,79,
0,2,4,7,8,9,11,13,15,17,19,22,24,26,28,30,32,34,37,39,41,43,45,47,49,52,54,56,58,60,62,64,67,69,71,73,75,79,
0,2,4,6,8,9,11,13,15,17,19,21,24,26,28,30,32,34,36,39,41,43,45,47,49,51,54,56,58,60,62,64,66,69,71,73,75,79,
0,2,4,6,9,10,11,13,15,17,19,22,24,26,28,30,32,34,37,39,41,43,45,47,49,52,54,56,58,60,62,64,67,69,71,73,75,79,
0,2,4,7,9,11,13,15,17,19,22,24,26,28,30,32,34,37,39,41,43,45,47,49,52,54,56,58,60,62,64,67,69,71,73,75,77,79,
1,3,5,7,8,9,11,13,16,18,20,22,24,26,28,31,33,35,37,39,41,43,46,48,50,52,54,56,58,61,63,65,67,69,71,73,76,78,
0,2,4,8,9,10,11,13,15,17,19,22,24,26,28,30,32,34,37,39,41,43,45,47,49,52,54,56,58,60,62,64,67,69,71,73,75,79,
0,2,4,6,7,9,11,13,15,17,19,22,24,26,28,30,32,34,37,39,41,43,45,47,49,52,54,56,58,60,62,64,67,69,71,73,75,79,
0,2,4,6,9,11,13,15,17,19,21,24,26,28,30,32,34,36,39,41,43,45,47,49,51,54,56,58,60,62,64,66,69,71,73,75,76,79,
0,2,4,6,8,11,13,15,17,19,21,23,26,28,30,32,34,36,38,41,43,45,47,49,51,53,56,58,60,62,64,66,68,71,73,75,77,79,
0,2,4,6,8,11,13,15,17,19,21,23,26,28,30,32,34,36,38,41,43,45,47,49,51,53,56,58,60,62,64,66,68,71,73,75,79,
0,2,4,6,9,11,13,15,17,19,21,24,26,28,30,32,34,36,39,41,43,45,47,49,51,54,56,58,60,62,64,66,69,71,73,75,79,
0,2,4,6,9,11,13,15,17,19,22,24,26,28,30,32,34,37,39,41,43,45,47,49,52,54,56,58,60,62,64,67,69,71,73,75,79,
1,3,5,7,10,12,14,16,18,20,22,25,27,29,31,33,35,37,40,42,44,46,48,50,52,55,57,59,61,63,65,67,70,72,74,76,78,
0,2,4,7,9,11,13,15,17,19,22,24,26,28,30,32,34,37,39,41,43,45,47,49,52,54,56,58,60,62,64,67,69,71,73,75,79,
0,2,4,6,9,11,13,15,17,19,21,23,26,28,30,32,34,36,38,41,43,45,47,49,51,53,56,58,60,62,64,66,68,71,73,75,79,
0,2,4,6,8,10,13,15,17,19,21,23,26,28,30,32,34,36,38,41,43,45,47,49,51,53,56,58,60,62,64,66,68,71,73,75,79,



Free bits:
1,10,76,77,
9,10,76,77,
0,2,9,11,
1,7,8,10,
3,5,7,
6,8,10,77,
7,8,10,20,
8,10,20,77,
2,8,11,
1,5,6,8,
2,6,79,
1,5,8,10,
0,8,9,11,
8,10,76,77,
1,9,76,77,
6,10,77,
1,7,10,76,
1,7,8,20,
1,5,6,8,
0,6,79,
5,6,7,77,
5,8,77,
1,8,10,12,
1,9,10,
1,9,10,76,
1,7,8,10,
1,7,8,10,
0,2,6,8,
5,6,8,10,
1,7,8,10,
1,9,11,12,

